%YAML:1.0
dictionary: !!opencv-matrix
   rows: 256
   cols: 32
   dt: u
   data: [ 249, 183, 163, 163, 27, 85, 8, 18, 247, 254, 105, 67, 20, 13,
       133, 84, 105, 81, 182, 207, 57, 3, 208, 209, 63, 94, 168, 147,
       140, 65, 196, 127, 133, 231, 147, 93, 177, 253, 116, 234, 61, 32,
       226, 116, 110, 144, 22, 192, 53, 58, 160, 54, 109, 11, 113, 45,
       95, 125, 94, 0, 33, 40, 12, 91, 33, 173, 128, 29, 105, 19, 162,
       76, 211, 170, 205, 210, 46, 143, 168, 71, 168, 215, 149, 116, 18,
       254, 212, 170, 110, 23, 31, 92, 178, 179, 201, 92, 113, 252, 251,
       89, 3, 76, 25, 38, 202, 154, 224, 163, 98, 225, 247, 136, 167,
       235, 46, 23, 137, 37, 14, 21, 71, 53, 193, 125, 201, 111, 36, 47,
       230, 10, 157, 143, 240, 172, 4, 201, 36, 5, 102, 65, 8, 134, 97,
       196, 93, 154, 101, 148, 214, 158, 81, 30, 239, 223, 220, 45, 121,
       234, 52, 73, 73, 145, 228, 196, 217, 93, 41, 200, 27, 73, 151,
       222, 70, 11, 50, 86, 234, 30, 45, 112, 65, 74, 240, 12, 221, 3,
       39, 198, 57, 132, 248, 63, 200, 122, 140, 0, 0, 0, 0, 0, 16, 123,
       140, 0, 0, 0, 0, 0, 4, 0, 0, 0, 0, 0, 0, 0, 4, 0, 0, 0, 0, 0, 0,
       0, 253, 174, 23, 20, 77, 159, 96, 120, 43, 241, 237, 193, 150, 14,
       136, 209, 13, 50, 130, 74, 5, 128, 20, 188, 103, 159, 62, 163,
       187, 9, 4, 160, 115, 31, 167, 131, 5, 108, 98, 58, 30, 82, 253,
       97, 211, 40, 134, 20, 72, 19, 186, 108, 107, 51, 85, 244, 68, 223,
       8, 103, 147, 105, 69, 34, 44, 80, 203, 68, 54, 189, 157, 16, 230,
       255, 75, 227, 244, 213, 96, 36, 118, 16, 139, 140, 89, 88, 50, 41,
       59, 206, 13, 198, 21, 35, 251, 88, 117, 74, 127, 25, 85, 223, 42,
       230, 209, 245, 122, 50, 19, 26, 114, 18, 61, 44, 175, 114, 60, 14,
       149, 1, 76, 120, 66, 185, 0, 43, 45, 39, 50, 10, 53, 41, 200, 164,
       77, 155, 97, 196, 0, 39, 35, 163, 29, 226, 61, 251, 181, 110, 212,
       233, 21, 222, 136, 200, 232, 181, 80, 110, 157, 100, 39, 61, 59,
       153, 75, 83, 10, 82, 23, 161, 217, 230, 22, 13, 146, 81, 169, 203,
       151, 124, 24, 74, 185, 180, 32, 140, 58, 154, 153, 33, 96, 48, 5,
       64, 255, 66, 2, 0, 0, 0, 0, 0, 0, 0, 0, 0, 0, 0, 0, 0, 0, 0, 0, 0,
       0, 0, 0, 0, 0, 0, 0, 0, 0, 0, 32, 203, 22, 181, 120, 209, 151, 12,
       197, 39, 165, 240, 64, 61, 170, 63, 224, 20, 141, 117, 67, 96,
       202, 201, 169, 65, 48, 10, 112, 100, 19, 84, 230, 114, 21, 33, 92,
       49, 196, 191, 52, 153, 149, 153, 144, 132, 31, 130, 119, 132, 184,
       197, 105, 61, 229, 104, 160, 33, 222, 41, 118, 65, 18, 227, 123,
       165, 181, 133, 104, 80, 33, 188, 47, 8, 174, 80, 4, 25, 224, 72,
       211, 239, 77, 114, 32, 78, 214, 222, 193, 115, 167, 210, 226, 148,
       155, 13, 30, 237, 227, 25, 41, 243, 112, 0, 103, 49, 29, 89, 63,
       202, 130, 52, 136, 113, 58, 173, 8, 3, 150, 146, 48, 150, 139,
       166, 40, 73, 100, 212, 190, 159, 125, 200, 96, 13, 78, 106, 203,
       247, 206, 51, 185, 12, 11, 8, 140, 7, 128, 120, 55, 135, 37, 242,
       237, 92, 166, 28, 144, 220, 48, 16, 246, 15, 63, 177, 60, 224,
       250, 201, 246, 116, 217, 97, 17, 50, 186, 240, 232, 60, 216, 156,
       184, 39, 49, 64, 82, 3, 26, 4, 116, 73, 12, 237, 88, 201, 136, 0,
       0, 0, 0, 0, 1, 0, 0, 0, 212, 1, 0, 0, 128, 251, 142, 0, 0, 0, 0,
       0, 144, 43, 143, 0, 0, 0, 0, 0, 62, 63, 51, 104, 45, 49, 194, 186,
       63, 179, 251, 41, 49, 9, 177, 157, 104, 29, 180, 5, 139, 65, 44,
       148, 10, 221, 199, 209, 13, 17, 136, 98, 78, 221, 149, 49, 35,
       248, 146, 182, 92, 43, 178, 235, 132, 73, 137, 16, 105, 27, 64,
       227, 217, 64, 74, 158, 7, 89, 83, 144, 62, 200, 219, 110, 249,
       158, 36, 165, 237, 131, 170, 18, 226, 186, 97, 236, 82, 215, 192,
       23, 15, 58, 160, 104, 39, 134, 118, 70, 53, 111, 186, 136, 144,
       89, 177, 54, 55, 190, 99, 108, 79, 135, 194, 160, 179, 187, 106,
       163, 59, 67, 34, 213, 138, 2, 140, 104, 187, 33, 58, 208, 83, 143,
       35, 187, 27, 75, 77, 132, 196, 193, 52, 196, 84, 16, 164, 27, 214,
       53, 201, 115, 23, 157, 2, 83, 116, 213, 144, 101, 91, 74, 220, 97,
       15, 219, 218, 173, 83, 235, 90, 66, 162, 8, 209, 10, 138, 60, 33,
       98, 206, 175, 70, 148, 212, 57, 243, 169, 219, 95, 214, 147, 80,
       201, 193, 169, 128, 4, 220, 189, 149, 60, 19, 66, 251, 2, 0, 0,
       230, 4, 0, 0, 49, 37, 0, 0, 0, 0, 0, 0, 64, 122, 140, 0, 0, 0, 0,
       0, 64, 203, 142, 0, 0, 0, 0, 0, 25, 89, 52, 21, 26, 242, 6, 66,
       217, 96, 27, 84, 214, 213, 151, 198, 178, 224, 151, 198, 84, 27,
       16, 77, 206, 93, 138, 252, 3, 35, 248, 99, 117, 235, 51, 229, 77,
       187, 52, 202, 39, 241, 108, 240, 38, 157, 146, 21, 53, 54, 142,
       119, 3, 42, 243, 28, 46, 26, 30, 0, 185, 43, 65, 81, 34, 36, 61,
       40, 226, 99, 81, 67, 46, 200, 76, 49, 21, 151, 157, 66, 211, 23,
       115, 34, 249, 215, 170, 215, 23, 204, 64, 45, 100, 47, 239, 244,
       179, 47, 59, 129, 96, 114, 40, 88, 210, 184, 253, 101, 74, 159,
       177, 17, 89, 137, 204, 76, 23, 10, 112, 156, 6, 190, 142, 45, 48,
       1, 89, 66, 245, 19, 216, 116, 213, 93, 126, 252, 126, 181, 250,
       55, 187, 4, 26, 208, 52, 140, 180, 125, 101, 131, 0, 24, 111, 188,
       254, 50, 155, 24, 68, 182, 188, 182, 122, 56, 32, 69, 108, 152,
       88, 235, 218, 122, 20, 7, 170, 184, 237, 53, 34, 248, 118, 11, 57,
       65, 110, 106, 44, 249, 88, 4, 68, 53, 89, 92, 93, 94, 96, 94, 92,
       102, 101, 92, 95, 106, 93, 97, 97, 91, 84, 80, 95, 102, 91, 90,
       92, 89, 83, 92, 90, 92, 82, 91, 89, 88, 116, 14, 54, 169, 44, 58,
       40, 248, 46, 115, 14, 34, 168, 20, 211, 144, 95, 82, 32, 225, 38,
       202, 183, 180, 123, 124, 206, 173, 177, 81, 7, 228, 54, 63, 82,
       88, 105, 222, 46, 100, 11, 177, 255, 147, 175, 143, 50, 81, 43,
       98, 146, 97, 52, 138, 55, 29, 107, 251, 206, 148, 179, 27, 77, 3,
       38, 88, 104, 53, 88, 92, 99, 88, 83, 139, 183, 35, 173, 30, 234,
       211, 193, 113, 80, 70, 7, 181, 125, 48, 128, 146, 151, 16, 247,
       128, 22, 242, 158, 62, 106, 24, 78, 38, 217, 233, 212, 121, 233,
       3, 7, 79, 224, 209, 224, 172, 144, 84, 127, 175, 169, 201, 35,
       138, 74, 46, 92, 113, 108, 196, 187, 56, 41, 112, 232, 96, 236,
       122, 47, 0, 194, 53, 114, 32, 189, 202, 111, 201, 116, 3, 247, 73,
       47, 209, 101, 236, 134, 172, 130, 52, 127, 97, 181, 7, 191, 97,
       48, 220, 109, 60, 43, 254, 156, 163, 198, 151, 50, 17, 27, 3, 86,
       194, 124, 33, 179, 133, 22, 36, 111, 59, 227, 0, 71, 35, 48, 56,
       61, 46, 61, 46, 0, 0, 49, 35, 0, 0, 0, 0, 0, 0, 40, 66, 188, 153,
       208, 127, 0, 0, 40, 66, 188, 153, 208, 127, 0, 0, 254, 142, 116,
       165, 106, 179, 3, 52, 3, 31, 166, 99, 185, 143, 105, 205, 158,
       240, 9, 162, 129, 64, 157, 203, 91, 46, 187, 171, 148, 195, 159,
       28, 104, 26, 5, 76, 184, 46, 3, 139, 74, 148, 230, 120, 250, 98,
       215, 64, 159, 222, 97, 193, 137, 18, 101, 184, 32, 30, 189, 255,
       218, 105, 177, 234, 105, 35, 80, 18, 2, 25, 72, 66, 161, 174, 117,
       216, 79, 213, 82, 80, 159, 179, 206, 17, 245, 100, 230, 153, 55,
       108, 72, 97, 237, 56, 191, 58, 92, 57, 242, 238, 25, 14, 35, 45,
       233, 2, 104, 218, 1, 159, 64, 67, 161, 199, 111, 75, 52, 76, 4,
       15, 107, 127, 195, 97, 103, 179, 174, 91, 254, 138, 215, 196, 11,
       24, 132, 50, 44, 48, 13, 22, 227, 149, 178, 17, 95, 81, 212, 197,
       69, 226, 95, 180, 53, 92, 15, 53, 177, 8, 31, 118, 208, 5, 0, 0,
       57, 4, 0, 0, 103, 4, 0, 0, 89, 4, 0, 0, 16, 5, 0, 0, 118, 3, 0, 0,
       23, 4, 0, 0, 43, 4, 0, 0, 0, 0, 0, 0, 0, 0, 0, 0, 0, 0, 0, 0, 0,
       0, 0, 0, 0, 0, 0, 0, 0, 0, 0, 0, 0, 0, 0, 0, 0, 0, 0, 0, 0, 0, 0,
       0, 0, 0, 0, 0, 0, 0, 0, 0, 0, 0, 0, 0, 0, 0, 0, 0, 0, 0, 0, 0, 0,
       0, 0, 0, 0, 0, 0, 0, 189, 149, 60, 229, 241, 185, 20, 250, 191,
       52, 252, 57, 91, 88, 18, 5, 191, 86, 164, 115, 87, 203, 147, 147,
       76, 184, 198, 193, 9, 187, 113, 209, 0, 0, 0, 0, 0, 0, 0, 0, 0, 0,
       0, 0, 0, 0, 0, 0, 0, 0, 0, 0, 0, 0, 0, 0, 0, 0, 0, 0, 0, 0, 0, 0,
