%YAML:1.0
dictionary: !!opencv-matrix
   rows: 256
   cols: 32
   dt: u
   data: [ 141, 164, 105, 146, 75, 142, 143, 36, 171, 64, 46, 179, 46,
       166, 11, 100, 137, 98, 109, 49, 116, 19, 180, 210, 241, 94, 45,
       119, 99, 246, 247, 4, 168, 188, 0, 222, 105, 18, 35, 202, 101,
       152, 77, 202, 110, 189, 209, 39, 137, 215, 5, 235, 1, 70, 240,
       190, 41, 71, 43, 103, 50, 255, 179, 9, 65, 155, 179, 173, 241,
       113, 22, 27, 107, 166, 212, 196, 23, 223, 220, 14, 59, 123, 183,
       108, 73, 102, 119, 30, 29, 197, 165, 15, 194, 169, 145, 26, 80,
       99, 89, 57, 47, 17, 118, 104, 55, 65, 24, 45, 79, 124, 54, 45, 58,
       12, 78, 102, 112, 47, 109, 108, 57, 33, 52, 84, 56, 45, 110, 124,
       13, 172, 19, 212, 10, 51, 128, 130, 65, 174, 185, 224, 213, 69,
       222, 93, 189, 155, 122, 105, 129, 88, 250, 158, 107, 13, 59, 119,
       184, 182, 233, 27, 28, 189, 178, 125, 73, 82, 39, 249, 227, 176,
       125, 74, 21, 155, 153, 5, 35, 30, 133, 187, 10, 98, 50, 122, 139,
       221, 103, 243, 15, 251, 179, 205, 4, 4, 5, 4, 1, 5, 7, 9, 2, 6, 3,
       5, 6, 4, 5, 0, 0, 5, 1, 7, 7, 1, 8, 10, 3, 7, 6, 0, 0, 9, 0, 8,
       51, 55, 49, 24, 59, 0, 36, 26, 38, 17, 60, 27, 18, 23, 11, 29, 28,
       1, 20, 2, 55, 28, 53, 17, 18, 27, 2, 1, 18, 6, 37, 18, 128, 100,
       30, 140, 80, 65, 151, 8, 217, 175, 161, 212, 146, 41, 226, 239,
       23, 167, 9, 118, 74, 80, 72, 233, 198, 193, 65, 208, 208, 182, 10,
       115, 225, 58, 100, 35, 224, 105, 5, 108, 154, 27, 89, 220, 211,
       184, 198, 106, 19, 111, 214, 204, 40, 20, 94, 110, 249, 171, 69,
       56, 79, 175, 18, 234, 21, 52, 51, 28, 10, 75, 6, 42, 28, 17, 20,
       78, 55, 6, 61, 7, 70, 50, 67, 37, 14, 27, 23, 29, 64, 75, 15, 83,
       45, 22, 73, 72, 2, 8, 8, 6, 6, 5, 2, 3, 0, 9, 4, 5, 5, 7, 7, 5, 0,
       8, 7, 3, 8, 8, 6, 1, 7, 1, 8, 2, 9, 4, 2, 3, 29, 25, 49, 209, 73,
       123, 36, 250, 7, 117, 253, 216, 86, 217, 144, 145, 31, 21, 146,
       234, 9, 206, 67, 156, 111, 223, 254, 119, 145, 121, 113, 213, 78,
       13, 177, 99, 6, 178, 98, 44, 12, 224, 16, 56, 106, 0, 155, 24, 68,
       36, 148, 136, 103, 15, 0, 116, 134, 162, 72, 64, 163, 66, 4, 198,
       175, 205, 93, 91, 125, 246, 110, 24, 95, 185, 111, 25, 233, 203,
       85, 102, 101, 242, 18, 101, 44, 143, 209, 159, 242, 81, 194, 64,
       30, 62, 71, 195, 46, 51, 4, 18, 42, 20, 43, 11, 18, 16, 59, 8, 35,
       38, 19, 47, 18, 3, 42, 35, 31, 54, 23, 4, 14, 44, 39, 14, 19, 18,
       61, 0, 26, 173, 147, 191, 202, 107, 135, 98, 7, 138, 128, 76, 135,
       45, 157, 44, 11, 31, 239, 170, 193, 241, 158, 159, 241, 205, 57,
       103, 173, 172, 104, 184, 142, 227, 79, 204, 54, 172, 149, 67, 110,
       193, 165, 229, 111, 110, 49, 38, 226, 211, 141, 221, 128, 230,
       124, 126, 185, 134, 129, 20, 180, 149, 238, 74, 47, 114, 217, 146,
       84, 146, 117, 79, 190, 35, 45, 142, 173, 152, 96, 199, 112, 187,
       197, 119, 11, 58, 160, 39, 2, 161, 70, 2, 181, 225, 3, 251, 3, 1,
       5, 0, 0, 4, 3, 1, 5, 2, 2, 0, 2, 1, 4, 3, 5, 4, 0, 0, 4, 0, 4, 4,
       3, 4, 4, 2, 3, 5, 4, 1, 0, 248, 196, 138, 238, 128, 212, 147, 184,
       139, 54, 91, 84, 119, 85, 206, 52, 150, 160, 237, 210, 168, 215,
       11, 141, 193, 235, 151, 31, 143, 52, 154, 9, 19, 1, 11, 22, 7, 14,
       14, 5, 14, 1, 19, 15, 9, 16, 17, 6, 2, 16, 4, 13, 7, 19, 9, 6, 8,
       3, 19, 21, 20, 10, 4, 143, 236, 119, 231, 73, 40, 58, 219, 20, 81,
       233, 212, 17, 172, 254, 199, 224, 183, 145, 93, 19, 82, 189, 186,
       97, 154, 175, 126, 121, 247, 170, 149, 81, 75, 60, 29, 57, 10, 78,
       1, 82, 83, 47, 84, 71, 38, 25, 84, 21, 8, 24, 77, 48, 26, 20, 28,
       58, 52, 82, 62, 71, 4, 6, 45, 12, 214, 65, 96, 172, 13, 253, 105,
       109, 209, 132, 36, 190, 180, 36, 198, 100, 163, 154, 13, 231, 29,
       172, 244, 178, 231, 188, 156, 113, 199, 78, 84, 8, 39, 7, 35, 10,
       26, 27, 9, 45, 35, 18, 5, 6, 26, 42, 5, 44, 14, 0, 47, 41, 43, 17,
       14, 10, 41, 40, 11, 15, 50, 40, 10, 5, 1, 5, 5, 3, 7, 0, 7, 5, 7,
       4, 4, 0, 6, 4, 2, 4, 7, 4, 5, 0, 4, 5, 6, 8, 4, 7, 1, 3, 6, 3, 1,
       17, 50, 21, 38, 63, 19, 55, 24, 17, 62, 53, 50, 62, 2, 47, 27, 54,
       42, 42, 48, 61, 24, 4, 19, 9, 44, 4, 38, 61, 56, 46, 26, 2, 0, 17,
       16, 9, 17, 17, 22, 7, 0, 18, 19, 20, 16, 21, 10, 3, 15, 23, 4, 15,
       4, 10, 3, 20, 19, 21, 13, 6, 17, 18, 12, 81, 64, 14, 73, 52, 20,
       28, 62, 73, 70, 75, 43, 73, 9, 75, 20, 23, 15, 12, 2, 31, 54, 65,
       57, 37, 32, 51, 20, 83, 30, 66, 82, 26, 173, 147, 183, 138, 105,
       131, 98, 7, 138, 161, 204, 7, 41, 149, 60, 11, 31, 239, 168, 193,
       241, 186, 158, 177, 205, 57, 103, 175, 172, 232, 248, 0, 1, 6, 0,
       3, 5, 1, 3, 9, 4, 3, 4, 9, 4, 2, 1, 0, 2, 0, 1, 7, 6, 4, 9, 1, 7,
       4, 7, 0, 8, 5, 8, 9, 26, 7, 49, 28, 47, 41, 19, 5, 0, 41, 11, 45,
       22, 37, 15, 48, 47, 14, 49, 29, 40, 32, 5, 12, 3, 42, 47, 48, 16,
       38, 36, 180, 191, 17, 189, 73, 123, 98, 74, 47, 185, 253, 208,
       215, 13, 144, 85, 137, 91, 22, 106, 10, 235, 84, 190, 75, 207, 98,
       63, 147, 233, 48, 152, 4, 0, 1, 2, 2, 1, 3, 3, 0, 3, 3, 1, 3, 1,
       2, 2, 3, 2, 2, 2, 3, 4, 0, 3, 0, 3, 3, 3, 2, 2, 1, 2, 9, 146, 202,
       232, 8, 178, 113, 248, 124, 124, 170, 175, 234, 6, 72, 103, 89,
       82, 109, 197, 36, 171, 145, 151, 181, 94, 192, 21, 171, 134, 80,
       102, 53, 169, 243, 151, 105, 118, 134, 72, 23, 147, 77, 223, 6,
       157, 176, 93, 57, 95, 31, 109, 1, 122, 185, 158, 74, 85, 47, 103,
       186, 187, 193, 29, 5, 0, 0, 5, 3, 5, 6, 0, 6, 6, 3, 2, 5, 1, 3, 3,
       0, 3, 5, 0, 0, 3, 3, 6, 1, 2, 6, 0, 1, 4, 6, 0, 186, 127, 68, 233,
       229, 17, 6, 217, 127, 184, 45, 14, 18, 25, 138, 7, 34, 27, 150,
       126, 103, 110, 115, 140, 243, 223, 14, 33, 192, 170, 54, 186, 41,
       81, 253, 193, 197, 30, 18, 68, 126, 238, 240, 182, 250, 25, 224,
       92, 21, 33, 5, 98, 190, 126, 226, 96, 124, 86, 138, 172, 229, 1,
       23, 19, 188, 63, 226, 181, 107, 90, 134, 197, 131, 17, 125, 206,
       23, 95, 137, 25, 49, 31, 135, 111, 9, 228, 110, 10, 75, 207, 15,
       84, 15, 249, 162, 149, 2, 11, 14, 4, 28, 33, 25, 0, 34, 29, 20,
       10, 22, 30, 21, 23, 10, 9, 27, 6, 26, 9, 11, 13, 4, 36, 26, 27, 3,
       36, 26, 6, 205, 229, 0, 214, 228, 210, 58, 91, 222, 24, 93, 192,
       125, 156, 36, 55, 74, 246, 13, 105, 73, 122, 7, 139, 192, 219, 43,
       6, 39, 187, 138, 42, 171, 232, 53, 39, 75, 2, 43, 80, 70, 5, 5,
       68, 192, 105, 238, 39, 203, 121, 195, 202, 2, 218, 221, 252, 132,
       216, 123, 93, 182, 232, 251, 44, 164, 56, 34, 230, 171, 8, 138,
       66, 6, 66, 162, 219, 64, 116, 163, 164, 19, 87, 74, 3, 25, 148,
       78, 252, 153, 207, 176, 159, 182, 168, 161, 1, 29, 35, 17, 30, 29,
       30, 27, 40, 1, 15, 19, 20, 36, 17, 31, 6, 3, 14, 30, 20, 35, 21,
       24, 36, 42, 39, 10, 40, 8, 14, 38, 7, 185, 168, 17, 181, 201, 114,
       2, 74, 46, 136, 157, 192, 69, 5, 152, 221, 219, 219, 31, 76, 1,
       104, 126, 158, 105, 135, 46, 111, 162, 36, 153, 32, 11, 22, 41,
       21, 18, 22, 29, 49, 4, 32, 22, 39, 48, 47, 23, 11, 22, 20, 10, 22,
       35, 15, 34, 34, 45, 15, 49, 17, 27, 11, 14, 11, 21, 24, 3, 25, 21,
       0, 1, 0, 24, 13, 22, 16, 20, 18, 17, 20, 12, 16, 3, 19, 27, 0, 4,
       15, 12, 18, 7, 16, 11, 6, 0, 4, 10, 51, 47, 28, 40, 32, 62, 48,
       59, 63, 62, 22, 40, 16, 60, 3, 50, 62, 54, 22, 42, 17, 54, 48, 20,
       41, 22, 30, 25, 36, 3, 18, 189, 169, 251, 136, 73, 159, 42, 217,
       79, 249, 56, 202, 36, 140, 224, 205, 41, 179, 15, 93, 33, 234, 49,
       94, 60, 28, 243, 103, 251, 211, 192, 189, 232, 233, 117, 214, 76,
       95, 35, 142, 39, 109, 112, 130, 71, 190, 176, 102, 66, 179, 14,
       115, 89, 200, 102, 78, 148, 221, 235, 102, 54, 192, 216, 175, 5,
       3, 8, 8, 4, 6, 7, 6, 4, 5, 1, 5, 2, 0, 3, 5, 7, 7, 6, 8, 1, 5, 5,
       0, 1, 0, 5, 4, 2, 6, 4, 7, 30, 27, 11, 13, 29, 11, 25, 13, 27, 26,
       18, 21, 3, 11, 22, 31, 6, 8, 12, 29, 16, 25, 4, 14, 31, 9, 29, 13,
       10, 19, 21, 21, 137, 232, 208, 152, 79, 2, 43, 195, 4, 96, 61,
