%YAML:1.0
dictionary: !!opencv-matrix
   rows: 256
   cols: 32
   dt: u
   data: [ 0, 0, 0, 0, 0, 0, 0, 0, 0, 0, 0, 0, 0, 0, 0, 0, 0, 0, 0, 0, 0,
       0, 0, 0, 0, 0, 0, 0, 0, 0, 0, 0, 215, 143, 4, 196, 75, 223, 213,
       96, 10, 230, 100, 253, 253, 131, 146, 156, 30, 26, 190, 174, 202,
       216, 111, 63, 255, 91, 254, 191, 111, 182, 127, 186, 42, 129, 178,
       188, 232, 64, 199, 8, 99, 138, 80, 213, 199, 119, 149, 238, 75,
       255, 253, 187, 192, 241, 218, 254, 57, 213, 115, 119, 178, 166,
       249, 205, 170, 148, 20, 203, 232, 205, 6, 72, 99, 134, 6, 131,
       233, 242, 69, 164, 123, 182, 39, 233, 210, 250, 255, 30, 108, 87,
       220, 235, 229, 182, 115, 229, 123, 148, 233, 197, 72, 158, 2, 99,
       98, 152, 78, 239, 175, 255, 16, 167, 39, 67, 245, 42, 228, 167,
       79, 183, 17, 158, 239, 63, 235, 255, 183, 190, 2, 154, 68, 207,
       232, 2, 141, 129, 104, 194, 6, 211, 130, 231, 221, 238, 105, 255,
       33, 141, 192, 212, 29, 94, 172, 206, 255, 237, 126, 230, 184, 249,
       42, 128, 53, 196, 201, 134, 199, 201, 49, 143, 64, 198, 163, 163,
       221, 198, 73, 247, 117, 157, 208, 214, 157, 126, 104, 221, 251,
       236, 126, 246, 176, 205, 76, 158, 20, 239, 169, 0, 111, 137, 32,
       20, 12, 67, 168, 254, 136, 253, 76, 230, 209, 204, 199, 46, 103,
       60, 243, 77, 184, 63, 123, 250, 126, 121, 40, 170, 49, 65, 170, 3,
       133, 0, 42, 146, 160, 210, 196, 199, 205, 201, 79, 243, 124, 171,
       145, 240, 255, 254, 188, 215, 213, 167, 181, 21, 185, 235, 24,
       159, 182, 173, 233, 216, 149, 203, 135, 124, 92, 221, 87, 95, 205,
       76, 193, 190, 79, 248, 89, 193, 126, 214, 150, 219, 71, 165, 127,
       19, 123, 255, 170, 158, 68, 197, 224, 136, 140, 8, 162, 134, 132,
       198, 219, 179, 124, 157, 31, 242, 245, 98, 81, 112, 71, 158, 169,
       223, 125, 111, 199, 236, 187, 44, 174, 188, 18, 231, 142, 24, 135,
       128, 171, 26, 173, 229, 209, 210, 189, 253, 75, 191, 127, 238,
       139, 208, 108, 254, 32, 141, 255, 127, 21, 251, 251, 106, 8, 152,
       52, 236, 233, 32, 130, 137, 32, 135, 73, 217, 195, 163, 220, 174,
       137, 255, 159, 11, 192, 217, 93, 254, 41, 205, 123, 79, 115, 118,
       169, 244, 128, 189, 96, 40, 73, 207, 14, 104, 35, 130, 102, 193,
       110, 163, 7, 137, 75, 230, 63, 171, 180, 191, 115, 190, 69, 239,
       250, 198, 175, 126, 253, 229, 220, 214, 18, 199, 185, 29, 128, 76,
       74, 190, 68, 226, 119, 207, 197, 29, 103, 119, 79, 237, 65, 254,
       251, 183, 126, 215, 5, 36, 117, 219, 195, 127, 75, 219, 30, 201,
       75, 211, 10, 90, 132, 183, 85, 197, 255, 205, 204, 91, 119, 248,
       7, 111, 79, 234, 236, 52, 6, 231, 19, 88, 119, 107, 179, 231, 110,
       174, 93, 41, 170, 142, 140, 32, 34, 146, 134, 194, 192, 243, 203,
       184, 95, 255, 244, 137, 177, 208, 125, 54, 255, 223, 159, 253,
       181, 114, 185, 227, 10, 180, 76, 6, 247, 32, 78, 194, 225, 223,
       100, 168, 115, 231, 221, 238, 138, 209, 169, 28, 247, 179, 77,
       252, 232, 205, 63, 126, 253, 246, 177, 184, 24, 248, 244, 165,
       232, 95, 130, 28, 4, 14, 220, 235, 114, 89, 13, 60, 95, 95, 31,
       235, 89, 248, 106, 190, 31, 219, 13, 108, 231, 239, 243, 238, 136,
       254, 112, 103, 241, 35, 166, 64, 71, 210, 5, 32, 229, 245, 244,
       124, 215, 127, 26, 5, 147, 160, 254, 255, 237, 221, 123, 213, 163,
       244, 187, 182, 40, 202, 108, 139, 235, 140, 6, 193, 112, 7, 68,
       168, 43, 167, 108, 238, 1, 214, 37, 79, 241, 223, 229, 250, 97,
       223, 250, 175, 117, 254, 184, 164, 40, 188, 148, 210, 233, 70,
       199, 75, 46, 31, 157, 149, 180, 25, 213, 165, 33, 115, 119, 105,
       11, 222, 141, 127, 176, 221, 255, 223, 26, 212, 127, 89, 115, 138,
       237, 227, 227, 139, 66, 245, 38, 14, 192, 199, 233, 250, 204, 244,
       31, 250, 244, 42, 226, 139, 113, 58, 188, 244, 255, 255, 251, 93,
       53, 34, 202, 135, 85, 149, 108, 140, 6, 219, 1, 11, 69, 241, 203,
       55, 31, 206, 246, 172, 86, 232, 97, 218, 118, 215, 174, 255, 120,
       59, 251, 150, 126, 248, 14, 208, 31, 41, 234, 0, 157, 209, 16, 91,
       105, 207, 219, 239, 197, 175, 193, 219, 223, 205, 72, 216, 237,
       175, 43, 206, 125, 91, 255, 225, 162, 213, 106, 138, 5, 10, 146,
       153, 4, 97, 43, 135, 66, 91, 234, 247, 199, 204, 77, 247, 201,
       141, 178, 222, 124, 62, 104, 223, 220, 237, 247, 83, 157, 243,
       104, 152, 116, 35, 192, 138, 143, 73, 34, 134, 196, 200, 195, 99,
       205, 252, 11, 247, 181, 138, 129, 244, 111, 62, 113, 223, 121,
       111, 227, 244, 185, 229, 2, 154, 124, 133, 232, 34, 215, 195, 52,
       15, 105, 192, 139, 228, 253, 174, 201, 223, 21, 77, 195, 88, 61,
       182, 33, 31, 250, 255, 124, 102, 168, 85, 17, 17, 221, 81, 131,
       97, 134, 128, 106, 214, 86, 127, 223, 115, 145, 238, 215, 199,
       153, 59, 247, 150, 206, 95, 20, 61, 249, 207, 238, 164, 69, 199,
       168, 148, 0, 198, 249, 47, 134, 88, 175, 134, 6, 200, 191, 115,
       133, 237, 31, 183, 111, 168, 209, 250, 155, 159, 92, 94, 247, 223,
       133, 248, 233, 162, 42, 175, 193, 174, 162, 137, 34, 81, 73, 28,
       96, 242, 235, 121, 13, 68, 15, 190, 247, 191, 80, 246, 222, 158,
       181, 223, 97, 103, 103, 126, 251, 191, 64, 156, 48, 207, 112, 2,
       135, 216, 33, 214, 6, 217, 206, 247, 155, 252, 145, 183, 189, 140,
       83, 90, 121, 253, 166, 199, 248, 249, 184, 224, 250, 245, 234,
       141, 5, 134, 233, 146, 5, 120, 34, 166, 4, 89, 223, 211, 151, 168,
       91, 156, 245, 35, 102, 240, 247, 190, 132, 239, 221, 205, 167,
       218, 191, 192, 61, 170, 181, 231, 73, 34, 166, 2, 46, 70, 38, 65,
       225, 229, 219, 188, 207, 255, 103, 138, 145, 252, 93, 116, 245,
       221, 63, 127, 228, 125, 185, 205, 168, 184, 213, 142, 232, 162,
       129, 203, 39, 130, 134, 213, 107, 177, 209, 253, 11, 182, 125,
       175, 129, 94, 110, 126, 249, 223, 248, 237, 226, 241, 249, 252,
       34, 170, 72, 143, 136, 135, 5, 72, 107, 214, 5, 145, 104, 230, 75,
       236, 79, 223, 72, 174, 178, 183, 221, 254, 236, 78, 253, 206, 180,
       230, 53, 27, 121, 238, 88, 194, 133, 43, 10, 130, 4, 102, 76, 197,
       70, 85, 253, 106, 218, 69, 244, 238, 65, 162, 202, 191, 191, 250,
       51, 191, 183, 244, 245, 234, 43, 144, 93, 227, 234, 32, 6, 227,
       36, 207, 68, 73, 99, 229, 196, 234, 169, 213, 164, 156, 246, 90,
       205, 248, 233, 239, 190, 127, 252, 246, 49, 160, 106, 14, 37, 165,
       136, 141, 15, 104, 42, 134, 196, 83, 235, 247, 198, 216, 31, 166,
       240, 6, 247, 174, 103, 54, 252, 239, 254, 111, 243, 114, 181, 162,
       8, 188, 228, 64, 234, 76, 22, 225, 16, 130, 79, 198, 170, 175,
       197, 170, 9, 119, 143, 205, 97, 92, 253, 126, 104, 222, 170, 127,
       248, 182, 161, 189, 161, 20, 125, 228, 233, 1, 130, 74, 39, 78,
       68, 195, 253, 179, 158, 236, 123, 183, 177, 43, 209, 248, 223,
       218, 108, 205, 191, 95, 176, 116, 249, 133, 72, 42, 73, 11, 178,
       221, 14, 112, 42, 179, 60, 235, 104, 255, 195, 185, 79, 215, 127,
       241, 240, 126, 251, 4, 41, 223, 202, 149, 251, 91, 192, 227, 122,
       174, 15, 1, 136, 157, 150, 233, 40, 144, 61, 194, 175, 219, 199,
       17, 15, 178, 244, 224, 116, 238, 146, 114, 57, 251, 254, 227, 107,
       42, 215, 158, 171, 158, 28, 33, 139, 81, 147, 4, 24, 178, 241,
       202, 65, 95, 221, 249, 111, 219, 95, 189, 216, 112, 94, 182, 241,
       221, 161, 184, 127, 67, 203, 211, 42, 176, 140, 180, 106, 3, 6,
       145, 163, 134, 72, 13, 51, 113, 206, 250, 139, 235, 100, 42, 247,
       156, 219, 120, 120, 231, 127, 111, 34, 166, 189, 169, 40, 144,
       125, 9, 201, 0, 196, 233, 177, 135, 196, 154, 234, 39, 87, 202, 9,
       255, 180, 141, 241, 213, 204, 183, 105, 252, 251, 109, 249, 118,
       185, 228, 24, 149, 194, 51, 152, 223, 17, 125, 212, 134, 208, 199,
       126, 215, 131, 216, 111, 219, 7, 191, 208, 250, 105, 154, 182,
       223, 92, 237, 183, 187, 223, 190, 9, 158, 72, 188, 153, 14, 141,
       160, 43, 190, 34, 235, 78, 227, 73, 172, 77, 219, 171, 143, 179,
